2 0.85859375 0.49453125 0.2046875 0.12109375
0 0.8265625 0.13203125 0.10703125 0.08203125
0 0.40390625 0.40390625 0.16953125 0.11171875
0 0.22265625 0.2828125 0.16171875 0.09140625
0 0.203125 0.38671875 0.11171875 0.115625
0 0.24296875 0.77421875 0.259375 0.153125
0 0.54140625 0.2546875 0.13984375 0.08828125
0 0.0484375 0.40625 0.096875 0.115625
2 0.70859375 0.8171875 0.12734375 0.1234375
2 0.25078125 0.20703125 0.14453125 0.0796875
2 0.76484375 0.334375 0.15859375 0.09609375
0 0.9421875 0.35078125 0.11484375 0.11171875
2 0.0375 0.8859375 0.075 0.11796875
1 0.73046875 0.41015625 0.190625 0.08984375
2 0.96796875 0.29375 0.06328125 0.05078125
1 0.746875 0.27734375 0.14609375 0.075
1 0.06171875 0.08359375 0.121875 0.0578125