0 0.48125 0.2203125 0.0859375 0.0546875
0 0.7296875 0.503125 0.15390625 0.08046875
0 0.19296875 0.21875 0.0703125 0.04765625
0 0.41328125 0.10859375 0.053125 0.03828125
2 0.81484375 0.23046875 0.07421875 0.06171875
2 0.3875 0.34296875 0.1 0.04921875
2 0.7890625 0.29296875 0.0625 0.07421875
0 0.225 0.47890625 0.13046875 0.0703125
2 0.428125 0.2171875 0.07734375 0.0546875
1 0.47890625 0.4015625 0.0625 0.08671875
2 0.296875 0.25390625 0.10390625 0.053125
0 0.465625 0.1046875 0.03984375 0.03671875
0 0.51953125 0.109375 0.06796875 0.03984375
2 0.25546875 0.20703125 0.06484375 0.03828125
2 0.36328125 0.11484375 0.06171875 0.03515625
0 0.98046875 0.1109375 0.0375 0.040625
0 0.5171875 0.0734375 0.0609375 0.03671875
2 0.8875 0.1453125 0.0421875 0.0375
2 0.95390625 0.24765625 0.04296875 0.04453125
2 0.15546875 0.08046875 0.05078125 0.02109375
2 0.709375 0.09609375 0.0375 0.04375
2 0.596875 0.14296875 0.02890625 0.03359375
1 0.25078125 0.0984375 0.05078125 0.03203125
2 0.415625 0.01015625 0.0625 0.0203125
2 0.865625 0.2703125 0.028125 0.02578125