2 0.05078125 0.32734375 0.0671875 0.04296875
2 0.3859375 0.18359375 0.0546875 0.02734375
0 0.5087986984375 0.42951879843749996 0.5074851859375 0.45656006875 0.5493269359374999 0.495091553125 0.5936958359375 0.487478321875 0.5915379203125 0.45986730781249996 0.5470358531249999 0.4228407640625 0.5087986984375 0.42951879843749996
0 0.6002482687499999 0.40788895937499997 0.565400825 0.41511176875 0.565146596875 0.435990271875 0.59349003125 0.45906376406250005 0.6223812671875 0.47690968749999996 0.6568746078125 0.46891511250000006 0.6596317734375 0.4387981328125 0.6002482687499999 0.40788895937499997
2 0.7804870890625 0.444211834375 0.6751578625 0.42859268124999994 0.6624464453125001 0.4439553375 0.659392678125 0.4711169125 0.7632994375 0.4885247453125 0.7756083265625 0.47181377031249994 0.7804870890625 0.444211834375
2 0.676822453125 0.42822268750000003 0.7026901875 0.43224494375000005 0.726403034375 0.4280819546875 0.7296565515625 0.40089995 0.705196153125 0.3870944421875 0.62369478125 0.40278396406250006 0.6229320953124999 0.41780613593749993 0.64357604375 0.4291646953125 0.665124921875 0.4418352546875 0.676822453125 0.42822268750000003
2 0.3066174421875 0.294463440625 0.28934059218749997 0.28668344375 0.2253349140625 0.2993011 0.23008367187499998 0.32144751718750003 0.2487697453125 0.32947969375 0.311958584375 0.3160216546875 0.3066174421875 0.294463440625
2 0.1816243421875 0.231535584375 0.147936771875 0.245146121875 0.152777071875 0.26381085 0.1759020671875 0.2667248 0.21158684375 0.2517998828125 0.2062351390625 0.23419471249999999 0.1816243421875 0.231535584375
2 0.1919078875 0.2854555453125 0.19793031562500002 0.3000847109375 0.1992550390625 0.29993749531249997 0.1951347546875 0.2789905890625 0.152660003125 0.2672945203125 0.12866623593749998 0.27344391875 0.13354086406250001 0.28902965625 0.16980482187499998 0.286404196875 0.1919078875 0.2854555453125
2 0.11830984375 0.290006034375 0.15173598906250002 0.3200360921875 0.2022206921875 0.3157833359375 0.19117752187499998 0.2855888984375 0.11830984375 0.290006034375
0 0.306863775 0.227381934375 0.316136896875 0.2254050671875 0.3139028140625 0.21360870781250002 0.2994260078125 0.20992208437499998 0.25688638125 0.2198141609375 0.26057945781249997 0.2372653 0.27776090781249996 0.2403486703125 0.3075072453125 0.23305026406249998 0.306863775 0.227381934375