0 0.60859375 0.18984375 0.08203125 0.06328125
2 0.79140625 0.53203125 0.15234375 0.1
2 0.78046875 0.21875 0.10546875 0.05
2 0.85546875 0.04375 0.08984375 0.04375
0 0.9671875 0.2703125 0.0640625 0.06328125
0 0.59453125 0.64453125 0.15234375 0.06875
0 0.921875 0.046875 0.0765625 0.05234375
2 0.92578125 0.2453125 0.1171875 0.07578125
2 0.69453125 0.184375 0.0796875 0.06171875
0 0.81328125 0.18125 0.06796875 0.06015625
0 0.98359375 0.0515625 0.03203125 0.05625
1 0.9609375 0.60703125 0.0765625 0.13515625
0 0.74140625 0.1734375 0.07890625 0.0515625
2 0.73828125 0.2875 0.11484375 0.06015625
2 0.50078125 0.246875 0.09296875 0.0546875
1 0.70234375 0.01015625 0.0671875 0.0203125
1 0.19375 0.1578125 0.06796875 0.0359375