0 0.88046875 0.29140625 0.21875 0.09609375
2 0.534375 0.33984375 0.20390625 0.12109375
2 0.08359375 0.540625 0.1671875 0.11328125
2 0.909375 0.840625 0.18046875 0.1640625
2 0.11953125 0.31015625 0.1984375 0.10390625
2 0.15703125 0.43203125 0.13359375 0.1484375
0 0.24140625 0.28359375 0.1625 0.10625
2 0.53359375 0.53203125 0.271875 0.16015625
2 0.76640625 0.70234375 0.340625 0.1875
2 0.14296875 0.72265625 0.2859375 0.1859375
2 0.59296875 0.25 0.1890625 0.07734375
1 0.9625 0.58125 0.0734375 0.12734375
1 0.80703125 0.50390625 0.2078125 0.16640625
1 0.95546875 0.72265625 0.0875 0.09140625
0 0.0046875 0.34375 0.009375 0.0328125
1 0.7503473406250001 0.0868544421875 0.747122334375 0.088289140625 0.74419775625 0.142260478125 0.885920221875 0.1450608984375 0.888470796875 0.086288840625 0.7503473406250001 0.0868544421875