2 0.1421875 0.465625 0.1640625 0.12734375
0 0.8265625 0.07890625 0.0828125 0.06171875
2 0.77109375 0.65078125 0.1953125 0.12265625
0 0.0796875 0.13984375 0.0890625 0.0921875
0 0.15546875 0.37578125 0.17421875 0.08828125
0 0.42578125 0.60625 0.1609375 0.18046875
2 0.121875 0.22109375 0.17265625 0.08984375
2 0.30625 0.31640625 0.19453125 0.08125
2 0.728125 0.07109375 0.125 0.05859375
0 0.05859375 0.0609375 0.1171875 0.0546875
1 0.30078125 0.43125 0.16796875 0.13828125
2 0.65 0.309375 0.1625 0.1078125
0 0.92734375 0.2109375 0.14453125 0.06796875
0 0.553125 0.4046875 0.21796875 0.1078125
2 0.234375 0.59140625 0.24140625 0.175
0 0.21015625 0.1484375 0.14921875 0.07109375
2 0.82109375 0.209375 0.08046875 0.0859375
0 0.8046875 0.5984375 0.25390625 0.17109375
2 0.040625 0.309375 0.08125 0.08203125
2 0.5015625 0.24609375 0.14921875 0.09375
2 0.70546875 0.475 0.23359375 0.1140625
1 0.45703125 0.18984375 0.159375 0.0703125
0 0.98984375 0.50390625 0.01875 0.0765625
1 0.55234375 0.51015625 0.2453125 0.10625
2 0.01875 0.14765625 0.0375 0.0640625
1 0.57421875 0.1671875 0.0921875 0.06953125