0 0.7015625 0.66484375 0.159375 0.15390625
0 0.0390625 0.40390625 0.078125 0.09609375
0 0.165625 0.37890625 0.0953125 0.09140625
2 0.54453125 0.6796875 0.12265625 0.15078125
0 0.7140625 0.13828125 0.09140625 0.06796875
0 0.18203125 0.646875 0.20078125 0.1015625
0 0.33359375 0.38046875 0.1515625 0.09140625
0 0.4578125 0.25625 0.1203125 0.071875
2 0.6421875 0.3046875 0.13125 0.0796875
2 0.209375 0.240625 0.12890625 0.0625
2 0.028125 0.73828125 0.05625 0.096875
2 0.34609375 0.8890625 0.25234375 0.2015625
0 0.18359375 0.3 0.14140625 0.07890625
2 0.9015625 0.259375 0.10234375 0.084375
2 0.2203125 0.73359375 0.2390625 0.1578125
0 0.81171875 0.3015625 0.13828125 0.0859375
1 0.053125 0.15390625 0.10546875 0.0484375
1 0.990625 0.859375 0.0171875 0.16328125