2 0.40859375 0.484375 0.15859375 0.1078125
2 0.14375 0.23046875 0.09453125 0.084375
0 0.3296875 0.1859375 0.078125 0.084375
0 0.18125 0.42890625 0.18359375 0.10859375
0 0.67578125 0.6265625 0.15 0.1734375
2 0.371875 0.2609375 0.1640625 0.084375
2 0.72890625 0.28671875 0.15234375 0.090625
2 0.50390625 0.60703125 0.22578125 0.165625
2 0.95703125 0.67578125 0.08515625 0.1140625
0 0.415625 0.403125 0.16171875 0.08046875
0 0.790625 0.43828125 0.21640625 0.10234375
2 0.54765625 0.3515625 0.1921875 0.0765625
2 0.08046875 0.08828125 0.13046875 0.05390625
2 0.93984375 0.11875 0.11953125 0.059375
0 0.16953125 0.31953125 0.1875 0.0859375
0 0.45078125 0.19375 0.13984375 0.06484375
2 0.0484375 0.38203125 0.0953125 0.07109375
0 0.2984375 0.1109375 0.11953125 0.0515625
2 0.25078125 0.34765625 0.18515625 0.0875
1 0.5515625 0.4578125 0.15703125 0.13125
2 0.93515625 0.2703125 0.121875 0.08515625
2 0.88046875 0.34921875 0.16796875 0.10703125
0 0.95625 0.590625 0.0859375 0.08359375
2 0.9125 0.5046875 0.17421875 0.109375
0 0.82109375 0.66640625 0.1765625 0.115625
2 0.05625 0.04609375 0.10078125 0.03515625
2 0.74921875 0.3640625 0.1015625 0.07109375