2 0.14140625 0.18046875 0.1140625 0.08359375
2 0.22578125 0.1734375 0.05 0.1203125
2 0.09921875 0.4828125 0.1453125 0.10625
2 0.42890625 0.1921875 0.090625 0.1265625
2 0.41875 0.51484375 0.08203125 0.16328125
2 0.6140625 0.1515625 0.1125 0.0875
2 0.65546875 0.0796875 0.08125 0.09296875
2 0.71328125 0.08203125 0.07890625 0.11015625
2 0.8828125 0.22890625 0.12421875 0.10703125
2 0.90859375 0.1546875 0.06328125 0.08125
2 0.96875 0.2265625 0.0625 0.13828125
2 0.47890625 0.5875 0.1296875 0.13515625
2 0.515625 0.4921875 0.14375 0.115625
2 0.56015625 0.28359375 0.12109375 0.13359375
2 0.659375 0.35625 0.13359375 0.090625
2 0.67734375 0.2484375 0.11484375 0.12265625
1 0.0875 0.32421875 0.1421875 0.1296875
0 0.35078125 0.1296875 0.1046875 0.08671875
0 0.340625 0.63828125 0.15 0.153125
0 0.8859375 0.071875 0.0953125 0.10390625