2 0.35 0.37421875 0.04140625 0.028125
0 0.6046875 0.4625 0.0375 0.034375
2 0.540625 0.41171875 0.04765625 0.0234375
2 0.40078125 0.39296875 0.0328125 0.028125
0 0.73203125 0.4140625 0.03203125 0.02890625
0 0.43828125 0.3609375 0.02265625 0.02734375
2 0.07265625 0.2765625 0.04453125 0.01875
1 0.44765625 0.28984375 0.03046875 0.01875
2 0.025 0.2421875 0.02890625 0.01640625
2 0.41015625 0.3625 0.02734375 0.02578125
0 0.35 0.240625 0.0328125 0.02109375
1 0.12421875 0.23359375 0.03515625 0.01796875
2 0.93828125 0.3609375 0.0359375 0.01796875
1 0.02109375 0.31484375 0.02578125 0.02578125
1 0.584375 0.39609375 0.04296875 0.02109375
2 0.00703125 0.2703125 0.01328125 0.015625
2 0.41875 0.27734375 0.03515625 0.01953125
1 0.353125 0.2734375 0.03359375 0.01484375
0 0.90078125 0.3703125 0.04453125 0.0265625
2 0.4859375 0.24375 0.0328125 0.0171875
1 0.36015625 0.30234375 0.05625 0.01640625
2 0.3875 0.26796875 0.0375 0.01640625
1 0.5140625 0.3796875 0.0234375 0.0171875
0 0.228125 0.2828125 0.034375 0.02109375