2 0.20546875 0.3984375 0.1546875 0.09296875
2 0.04921875 0.703125 0.09453125 0.059375
1 0.728125 0.953125 0.23046875 0.0921875
2 0.3875 0.228125 0.08828125 0.06796875
2 0.70078125 0.3953125 0.0890625 0.096875
0 0.753125 0.28046875 0.0734375 0.08359375
1 0.48359375 0.36484375 0.1 0.09765625
2 0.1515625 0.26875 0.12109375 0.08046875
2 0.678125 0.0859375 0.1125 0.08828125
0 0.30390625 0.27578125 0.11796875 0.08828125
2 0.86796875 0.58984375 0.11953125 0.075
0 0.01875 0.2046875 0.03671875 0.06015625
0 0.1796875 0.68828125 0.115625 0.06484375
0 0.24609375 0.08984375 0.046875 0.0484375
2 0.27890625 0.1859375 0.1296875 0.053125
0 0.55546875 0.51171875 0.0890625 0.0609375