0 0.20390625 0.6828125 0.1984375 0.09921875
0 0.72265625 0.696875 0.16171875 0.1578125
2 0.56484375 0.7125 0.121875 0.1515625
0 0.18828125 0.41484375 0.09453125 0.08984375
2 0.23046875 0.27578125 0.1265625 0.059375
0 0.05390625 0.44140625 0.09375 0.09609375
0 0.35390625 0.41328125 0.1515625 0.09609375
0 0.4765625 0.28984375 0.12109375 0.06953125
2 0.040625 0.77421875 0.08125 0.0953125
0 0.20625 0.3359375 0.13828125 0.0796875
0 0.72890625 0.17109375 0.0921875 0.06796875
2 0.9171875 0.27734375 0.10234375 0.06171875
2 0.3703125 0.91171875 0.2515625 0.17578125
2 0.6578125 0.3375 0.13125 0.07734375
0 0.8265625 0.33203125 0.13359375 0.0859375
2 0.2421875 0.76796875 0.23515625 0.1578125
1 0.07421875 0.19453125 0.11015625 0.0484375
0 0.2078125 0.24921875 0.11640625 0.03671875