0 0.465625 0.3484375 0.146875 0.125
0 0.38046875 0.02421875 0.0671875 0.0484375
0 0.4375 0.11796875 0.13984375 0.06171875
2 0.6236307453125 0.3615412640625 0.5961939890625 0.3887842578125 0.5820105812499999 0.44146825468750006 0.842130146875 0.425046890625 0.84131634375 0.3920104015625 0.6236307453125 0.3615412640625
2 0.775 0.35703125 0.16640625 0.0765625
0 0.16640625 0.3953125 0.2234375 0.12109375
2 0.1203125 0.19453125 0.15390625 0.096875
2 0.32734375 0.11875 0.0671875 0.07734375
1 0.03125 0.3421875 0.0625 0.10078125
1 0.890625 0.74453125 0.2171875 0.2375
2 0.85 0.05625 0.128125 0.0515625
2 0.28359375 0.021875 0.11953125 0.04296875
1 0.228125 0.09765625 0.1359375 0.06328125