2 0.090625 0.52734375 0.1484375 0.10390625
2 0.8828125 0.6328125 0.1765625 0.0984375
0 0.36484375 0.85078125 0.19296875 0.1296875
2 0.1203125 0.92265625 0.22265625 0.12890625
0 0.51640625 0.52578125 0.1421875 0.09453125
0 0.6453125 0.3859375 0.11796875 0.0828125
0 0.2203125 0.5140625 0.08359375 0.09921875
0 0.9046875 0.2765625 0.09140625 0.075
2 0.39765625 0.9421875 0.21875 0.115625
2 0.71796875 0.92890625 0.11953125 0.140625
0 0.871875 0.93203125 0.1625 0.134375
0 0.35078125 0.50078125 0.08515625 0.096875
2 0.82265625 0.4796875 0.1296875 0.09375
0 0.37265625 0.40078125 0.13125 0.0765625
2 0.40078125 0.328125 0.1203125 0.07109375
1 0.0953125 0.2234375 0.190625 0.2515625
0 0.9640625 0.48125 0.07109375 0.0609375
1 0.2453125 0.20234375 0.1078125 0.05625
0 0.38359375 0.290625 0.10859375 0.034375
1 0.78671875 0.54765625 0.15703125 0.08515625
1 0.5994767140625 0.3873770265625 0.5827120046875 0.36396995312499997 0.46755172500000003 0.378098371875 0.46807651562499997 0.41141540781249997 0.480754615625 0.43021432812500005 0.59681379375 0.4203881515625 0.5994767140625 0.3873770265625