2 0.84375 0.73984375 0.16875 0.2140625
0 0.4671875 0.534375 0.12109375 0.15
0 0.74921875 0.575 0.125 0.16953125
2 0.11015625 0.4640625 0.18359375 0.078125
1 0.52265625 0.3234375 0.18515625 0.09765625
0 0.30625 0.39375 0.18203125 0.0796875
0 0.9234375 0.64140625 0.15234375 0.19453125
0 0.21875 0.2484375 0.1484375 0.065625
2 0.7484375 0.2875 0.1921875 0.103125
2 0.60546875 0.07578125 0.103125 0.07421875
0 0.25703125 0.6515625 0.2390625 0.10390625
1 0.51875 0.06953125 0.09765625 0.0671875
2 0.0203125 0.52734375 0.0390625 0.05703125