0 0.8125 0.41171875 0.18125 0.1421875
2 0.61875 0.41875 0.2109375 0.13671875
0 0.0890625 0.19375 0.1 0.06953125
0 0.71015625 0.0265625 0.1015625 0.05234375
2 0.76875 0.1375 0.171875 0.06484375
2 0.21328125 0.5359375 0.2515625 0.1578125
0 0.4546875 0.1109375 0.128125 0.05234375
0 0.27734375 0.1828125 0.159375 0.071875
0 0.23359375 0.44140625 0.240625 0.12578125
1 0.64453125 0.11328125 0.13515625 0.0625
0 0.8546875 0.1265625 0.1484375 0.06484375
1 0.9796875 0.1234375 0.0390625 0.05703125
2 0.0625 0.28359375 0.125 0.05546875
0 0.23125 0.2421875 0.15625 0.0578125