2 0.325 0.44765625 0.27265625 0.1890625
0 0.1390625 0.3640625 0.278125 0.15078125
2 0.80625 0.596875 0.2703125 0.18984375
0 0.89921875 0.1109375 0.18828125 0.103125
2 0.3109375 0.1796875 0.22421875 0.0984375
0 0.8109375 0.78359375 0.378125 0.21953125
0 0.87734375 0.28203125 0.2453125 0.1234375
1 0.2890625 0.0375 0.1671875 0.0734375
2 0.10234375 0.18125 0.20390625 0.10703125
1 0.8148754874999999 0.499490009375 0.8603427765625 0.55338379375 0.8772858671874999 0.55338379375 0.8842111546875 0.4673327140625 0.8440425390625 0.415908071875 0.5391886593749999 0.4393174421875 0.5420230593750001 0.518052409375 0.559789196875 0.57038654375 0.6712999609375 0.5671211390625001 0.670978534375 0.5161567203125 0.8148754874999999 0.499490009375
1 1 0.3876152046875 0.8033820437499999 0.3589169015625 0.755611196875 0.40150230468750003 0.7517881656250001 0.41890683749999996 0.8505441265625 0.417237609375 0.8854919906250001 0.4666460296875 0.8854919906250001 0.5008487671874999 1 0.5213579921875 1 0.3876152046875
1 0.7481745484375 0.4187789984375 0.7566728796875 0.39537327968749997 0.804395025 0.3553739 0.8374338078125 0.3646076171875 0.9105340640625 0.37271268750000003 0.9126817796875001 0.33109886875 0.694023865625 0.278750125 0.62269145625 0.307696803125 0.62269145625 0.32108349999999997 0.6371848859375 0.323380971875 0.645522503125 0.3893209578125 0.7481745484375 0.4187789984375