2 0.7092048390625 0.6258844359375 0.597665721875 0.6524003390625001 0.5927272343750001 0.713423625 0.7136572953125 0.8894043937499999 0.8296352718750001 0.8580145796875 0.8489439765625001 0.8019416765624999 0.7092048390625 0.6258844359375
2 0.7101870984375 0.6264605359375001 0.84872985 0.8008583015624999 0.8415447421875 0.8261914171875 0.9347132296874999 0.8040497953125 0.9584404015624999 0.7456062140624999 0.813633621875 0.58098940625 0.705649671875 0.6049358015624999 0.7061457328125 0.6053790609374999 0.70100050625 0.6274737375 0.7101870984375 0.6264605359375001
2 0.44746208281250005 0.807346396875 0.4453527828125 0.7512973484375001 0.41444652812499994 0.585879015625 0.41056218749999995 0.5837317984375 0.29477070781250003 0.5901123953125 0.293134953125 0.5929876375 0.31096330625 0.7672166328125 0.31844408281250003 0.8219003703125001 0.32292974218750004 0.8220394328125 0.441667725 0.8119727828125001 0.44746208281250005 0.807346396875
2 0.128889265625 0.8004165796875 0 0.8849800968749999 0.00046369375 1 0.1165784765625 0.9984001328125001 0.24029541718749997 0.9128124296875001 0.226535415625 0.8542801140625 0.1357822640625 0.799550496875 0.128889265625 0.8004165796875
0 0.1969715453125 0.819708065625 0.18354435625 0.7632448015625 0.096102346875 0.709549346875 0 0.7671972484375 0.001142346875 0.87989209375 0.13363664687500001 0.7983928390624999 0.13795957187500002 0.79892769375 0.1850762828125 0.82706575 0.1969715453125 0.819708065625
0 0.13798304687500001 0.7346553734375 0.275547359375 0.6921792453125 0.27664959375 0.6912570640625 0.27060925 0.6350715609375001 0.2248264171875 0.5802325046875 0.22120384531249998 0.5780985281250001 0.21511799062499998 0.577609840625 0.0004233640625 0.6406024375 0.000163325 0.766361546875 0.096285840625 0.7094377296875 0.13798304687500001 0.7346553734375
2 0.6413716968750001 0.46369615625 0.637793271875 0.45646679062500006 0.4454254234375 0.38225644375 0.441600940625 0.3823772703125 0.3790932625 0.4232556734375 0.38252513125 0.47921513437499996 0.575076175 0.560457909375 0.634590396875 0.514823825 0.6413716968750001 0.46369615625
0 0.558082 0.3017204875 0.552224846875 0.3025593421875 0.4794734921875 0.32511100625 0.48014545000000003 0.38232305625 0.5198484453125001 0.40990691406249996 0.6119317171875001 0.44394618125 0.6396474999999999 0.45576649687500004 0.6411032015625 0.45851303281250005 0.6417227015625 0.46450555781249997 0.6904659093750001 0.44752284218750005 0.69634804375 0.3938211875 0.69642360625 0.388855503125 0.558082 0.3017204875
0 0.692052528125 0.1898933203125 0.69888905 0.1779320140625 0.711204171875 0.1690397140625 0.7253489703125 0.159162203125 0.7299961374999999 0.115564715625 0.5572195328125 0.0835649453125 0.52110820625 0.1120949796875 0.5201725171875 0.1659316109375 0.6902541296875 0.19703218125 0.692052528125 0.1898933203125
1 0.14825425 0.0023872234374999997 0.1118157671875 0.030594631249999997 0.12201902812500001 0.0806566453125 0.27886081875 0.10547407499999999 0.31243543906250004 0.078311834375 0.3070752953125 0.028061993750000003 0.14825425 0.0023872234374999997
1 0 0.06300391562499999 0.0775544671875 0.0775544671875 0.1124458984375 0.054678928125000005 0.10481162968749999 0.00160865 0.0034414796875 0 0 0.06300391562499999
2 0.088626175 0.18784842968749998 0.0741937734375 0.13420558124999998 0 0.1333936828125 0.003340496875 0.275951515625 0.06602631875000001 0.2727978359375 0.088626175 0.18784842968749998