2 0.1577127984375 0.49820180937499997 0.10802880781249999 0.455911234375 0.067245640625 0.4805563796875 0.07713859687499999 0.528458315625 0.12334918749999998 0.5752742640624999 0.168425915625 0.5507803015625 0.1577127984375 0.49820180937499997
2 0.23199028125 0.41570444999999995 0.1890678921875 0.42243203749999997 0.179110684375 0.4810552796875 0.1891586015625 0.53215975 0.2350913953125 0.521398128125 0.239802596875 0.46193834687499996 0.23199028125 0.41570444999999995
2 0.23106051249999998 0.4151954703125 0.2339915484375 0.4222481 0.2676937390625 0.42411519374999995 0.2833599484375 0.404821884375 0.2789983546875 0.3610446890625 0.20141377187499998 0.35491174999999997 0.1827976296875 0.375185221875 0.1848045671875 0.3960558625 0.1968140671875 0.40276833125 0.1997828984375 0.41798477343749996 0.23106051249999998 0.4151954703125
2 0.26896366718750003 0.613709703125 0.270620996875 0.6186432671875 0.2735558125 0.6188221656249999 0.27147895312500003 0.6082293640625 0.27235013750000003 0.6050369109375 0.280457259375 0.56524839375 0.3201783734375 0.56326539375 0.3359220625 0.54318341875 0.3302981015625 0.4902723265625 0.29167305468750004 0.48100740468750003 0.2239908765625 0.5508659703125 0.23334713593749998 0.60790684375 0.25740771093750003 0.6134955296875 0.26896366718750003 0.613709703125
2 0.2310718515625 0.31879191093750003 0.23167468906250002 0.3247283140625 0.23627439374999998 0.3566453 0.2684987828125 0.35864341875 0.286513978125 0.32571603437499996 0.282001203125 0.287028625 0.2518574515625 0.28655996250000004 0.2310718515625 0.31879191093750003
2 0.3670579421875 0.3218734984375 0.3643669078125 0.2929675484375 0.3596727140625 0.27826764375 0.2869164984375 0.2895029671875 0.29365542499999997 0.3405822390625 0.3354250515625 0.3358099359375 0.353621665625 0.31887757968749997 0.3670579421875 0.3218734984375
2 0.3653439203125 0.3869270046875 0.37995374531250004 0.3740563984375 0.3783266515625 0.3449085578125 0.38549266718749997 0.340783815625 0.384659278125 0.3246779203125 0.355010646875 0.31887254062500003 0.3139402359375 0.3549671828125 0.3173607234375 0.39412073593749997 0.323967365625 0.3773697984375 0.362673671875 0.3767575125 0.3653439203125 0.3869270046875
0 0.20363047500000003 0.72829286875 0.0790945109375 0.69673871875 0.034044239062499995 0.748788075 0.044024125 0.7882414703125 0.2088027796875 0.7997766375 0.215585171875 0.7931145625 0.20363047500000003 0.72829286875
0 0.3103269921875 0.7853891749999999 0.3133865328125 0.7684568203125 0.318228128125 0.767912565625 0.3283214 0.7337454906249999 0.3199364828125 0.66798143125 0.1852014203125 0.6634409390625 0.1572290171875 0.7140616265624999 0.20378165625000003 0.72349536875 0.21460437968749999 0.7827233375 0.3103269921875 0.7853891749999999
0 0.34939424531249996 0.43206483437500004 0.3206149109375 0.4543389453125 0.3242546109375 0.4865734125 0.3309689703125 0.4889494859375 0.3314999953125 0.504080259375 0.3318741703125 0.5050679796875001 0.4055110203125 0.5348810203125 0.433415390625 0.511004384375 0.42579016249999996 0.46072133437499996 0.34939424531249996 0.43206483437500004
0 0.197504740625 0.405005821875 0.1569804734375 0.37249670625000003 0.120362365625 0.3881818125 0.129794215625 0.4345190171875 0.1683625703125 0.46715915781249995 0.1814567984375 0.4605600734375 0.1864193390625 0.42369692499999995 0.20034506875 0.42110667656249995 0.197504740625 0.405005821875
0 0.448873725 0.420275178125 0.4513606640625 0.4675522296875 0.490057521875 0.47083035312500005 0.5160966890625 0.41958730156249996 0.5142598296875 0.38315501875 0.5063775921875 0.375202859375 0.473119496875 0.3764400296875 0.448873725 0.420275178125
0 0.641792971875 0.353624184375 0.639608396875 0.3343863078125 0.55578945625 0.33810537812499997 0.5558650468749999 0.3554182078125 0.557429778125 0.397356025 0.64139423125 0.39599286875 0.641792971875 0.353624184375
0 0.7862036671875 0.4623238609375 0.765850825 0.4056962171875 0.68234180625 0.4388730515625 0.6593943078125 0.461205115625 0.6781124968750001 0.513972584375 0.7604555265624999 0.49133059843750004 0.7862036671875 0.4623238609375
2 0.5094654796875 0.723873321875 0.5820705125 0.69392421875 0.581870196875 0.652903571875 0.581870196875 0.646712678125 0.4715679953125 0.6296568578125 0.4411672359375 0.64577283125 0.43056561562500006 0.6721338890624999 0.43541854999999996 0.736310540625 0.509781071875 0.7466790890625 0.5094654796875 0.723873321875
2 0.5834727234375 0.6544657828125 0.60042775625 0.6335271109375 0.6061310890625 0.5722934640624999 0.616209240625 0.5681611625 0.6167327078125 0.5597050640625 0.5710682609375 0.53852198125 0.501197728125 0.6134350562499999 0.5012827671875 0.6326023828125 0.579747984375 0.643298490625 0.5834727234375 0.6544657828125
1 0.9400258421875 0.31694465312500003 0.8640072328124999 0.3270357046875 0.856513909375 0.3715871359375 0.8760588046875 0.39100871718749997 0.9567464796875 0.3792944921875 0.962500921875 0.334254153125 0.9400258421875 0.31694465312500003
1 0.8254356859374999 0.7697903984375001 0.7757496390624999 0.7128446187499999 0.6458273421875 0.7765503609375 0.6438195609374999 0.81734698125 0.8151425515625 0.8291981015625 0.8254356859374999 0.7697903984375001