2 0.371875 0.92109375 0.32890625 0.15546875
2 0.2131678109375 0.5236833859375001 0.216407375 0.580065340625 0.33959545625 0.6268428921875 0.4066499109375 0.6043197390625 0.40027237343750005 0.5452626046875 0.278749225 0.5024893578125 0.2131678109375 0.5236833859375001
1 0.5 0.5109375 0.0921875 0.12265625
0 0.76440774375 0.3475038765625 0.7718989109375001 0.3503684234375 0.7704065828125 0.3313593515625 0.6515248953125 0.3147981265625 0.6218393671875 0.327238671875 0.6198424375 0.3673201765625 0.7101846828125 0.38176368906249997 0.7129707203125 0.3580702890625 0.76440774375 0.3475038765625
0 0.7780373203125001 0.5780364359375 0.8560571187500001 0.5610484484375 0.8572890953125001 0.54191456875 0.7901611484375 0.523801296875 0.6692503234375 0.5746001875 0.662926715625 0.6332640015625 0.775597525 0.614959490625 0.7780373203125001 0.5780364359375
2 0.8030955578125001 0.4707357296875 0.73857381875 0.4550260171875 0.6239007125 0.496784378125 0.624034915625 0.53993374375 0.6818009140625 0.515757215625 0.8030955578125001 0.4707357296875
1 0.93989055625 0.541026821875 0.9989771046874999 0.564369953125 1 0.5187385171875001 0.8202331796875001 0.4992221609375 0.801176465625 0.5240972125 0.8602200703125 0.5386192328125 0.8604455296875001 0.5581013687499999 0.93989055625 0.541026821875
1 0.826305209375 0.40868687656249997 0.8648328109375001 0.390866953125 0.86310851875 0.3785736796875 0.7645887921875001 0.3483421640625 0.71665725 0.3584997921875 0.7160435734374999 0.35893047031249997 0.7113203046875001 0.4020598671875 0.81020760625 0.43458320781250004 0.8246945015625 0.432732709375 0.826305209375 0.40868687656249997
0 0.4341714609375 0.440499125 0.5087546 0.4568033890625 0.532576021875 0.44651679375000003 0.5330492953125 0.3974939625 0.40285654375 0.378087390625 0.36461290625 0.39383201093750003 0.36751249375 0.44010630781250004 0.3982863015625 0.444829575 0.41243244062500006 0.44140780937499996 0.4341714609375 0.440499125
0 0.5228171265625 0.387630946875 0.5214146609375 0.3450446328125 0.49169782968750003 0.3326933828125 0.3705950796875 0.3520064828125 0.3723588125 0.3889170671875 0.40059429687500003 0.3776093859375 0.49404053281250004 0.39215425625 0.5228171265625 0.387630946875
0 0.452187396875 0.33771362968749996 0.45167152968749996 0.323498865625 0.4370158328125 0.314135153125 0.3105225 0.3235781390625 0.31390009375 0.3631319546875 0.3234539046875 0.3760144546875 0.37106993125 0.3716544234375 0.3705225125 0.3513166875 0.452187396875 0.33771362968749996