1 0.37109375 0.21171875 0.025 0.02578125
2 0.7171875 0.25546875 0.0515625 0.03203125
2 0.96640625 0.29140625 0.065625 0.0296875
0 0.828125 0.2421875 0.028125 0.03125
2 0.7921875 0.24453125 0.034375 0.0296875
2 0.784375 0.2015625 0.046875 0.025
2 0.32578125 0.15390625 0.0390625 0.01796875
2 0.4265625 0.1796875 0.04375 0.0203125
2 0.3828125 0.15546875 0.02890625 0.015625
2 0.3484375 0.17734375 0.04296875 0.01953125
2 0.77890625 0.2703125 0.0421875 0.02734375
0 0.2125 0.15390625 0.03359375 0.01796875
2 0.1859375 0.15859375 0.034375 0.0171875
1 0.86953125 0.18984375 0.04140625 0.0265625
1 0.4796875 0.14296875 0.03828125 0.0125
2 0.9453125 0.16875 0.02421875 0.0203125
1 0.28629240624999996 0.3391437203125 0.27366828125 0.33202325781250003 0.2184427609375 0.346419328125 0.22190477031250003 0.3639139703125 0.234510221875 0.3702921125 0.29145238125 0.3561600015625 0.28629240624999996 0.3391437203125