2 0.49768518593750005 0.6183127578125001 0.5023148140625 0.60648148125 0.5046296296875 0.588477365625 0.503472221875 0.5838477359375001 0.498456790625 0.5797325109375 0.459490740625 0.566358025 0.45408950625 0.5725308640625 0.44868827187500004 0.5874485593750001 0.44830246875 0.598251028125 0.4510030859375 0.60648148125 0.49305555625 0.6213991765625 0.49768518593750005 0.6183127578125001
1 0.1111111109375 0.6229423875 0.1427469140625 0.6275720171875 0.1624228390625 0.625 0.1662808640625 0.6213991765625 0.1662808640625 0.6121399171874999 0.16396605 0.604938271875 0.16396605 0.5905349796875 0.1662808640625 0.5828189296875 0.1643518515625 0.5797325109375 0.1149691359375 0.578703703125 0.1111111109375 0.5817901234375 0.11033950625 0.5879629625 0.106867284375 0.596193415625 0.106867284375 0.6028806578125 0.1111111109375 0.6121399171874999 0.1095679015625 0.6183127578125001 0.1111111109375 0.6229423875
2 0.2384259265625 0.4645061734375 0.24421296250000002 0.46399177031249994 0.2519290125 0.4557613171875 0.253858025 0.44547325156250006 0.2530864203125 0.43672839531249996 0.2472993828125 0.43158436250000004 0.2175925921875 0.42129629687500003 0.20833333281250002 0.423353909375 0.20447530937499997 0.431069959375 0.20331790156250001 0.43981481406249995 0.20601851875000002 0.450617284375 0.20910493749999998 0.45473251093749995 0.2384259265625 0.4645061734375
0 0.0486111109375 0.481995884375 0.0574845671875 0.4753086421875 0.062114196875000006 0.4747942390625 0.06905864218749999 0.478909465625 0.0721450625 0.47633744843750003 0.07291666718749999 0.47222222187499996 0.07986111093750001 0.47170781875 0.0837191359375 0.462448559375 0.0841049375 0.4552469140625 0.07986111093750001 0.4480452671875 0.0675154328125 0.44341563749999996 0.0582561734375 0.44701646093749997 0.043981481249999996 0.44547325156250006 0.037808642187500005 0.4480452671875 0.0320216046875 0.451646090625 0.0293209875 0.45987654375 0.028935185937500003 0.4665637859375 0.0331790125 0.47633744843750003 0.037037037499999995 0.47942386875 0.0486111109375 0.481995884375
2 0.11921296249999999 0.432098765625 0.1238425921875 0.4300411515625 0.1307870375 0.42232510312500005 0.1315586421875 0.41460905312499996 0.1300154328125 0.403806584375 0.12577160468749998 0.3981481484375 0.1111111109375 0.39300411562500004 0.09375 0.39197530937499997 0.08603395 0.39609053437499997 0.08294753125 0.4002057609375 0.0802469140625 0.41100822968750006 0.0814043203125 0.4197530859375 0.095293209375 0.42798353906250003 0.11921296249999999 0.432098765625
0 0.1481481484375 0.49382716093749995 0.1628086421875 0.49228395 0.18055555625 0.4861111109375 0.1851851859375 0.48302469062500003 0.1875 0.47427983593749995 0.18827160468749998 0.4660493828125 0.1832561734375 0.45113168750000004 0.176311728125 0.4465020578125 0.165509259375 0.4449588484375 0.1543209875 0.45216049375 0.1385030859375 0.4557613171875 0.1346450625 0.46039094687500004 0.13387345625 0.4747942390625 0.13580246875 0.481995884375 0.14236111093749998 0.49022633750000005 0.1481481484375 0.49382716093749995
0 0.398919753125 0.5252057609375 0.4074074078125 0.5293209875 0.43132716093749995 0.53034979375 0.43441357968750005 0.52829218125 0.4363425921875 0.52057613125 0.43518518593750005 0.5097736625 0.42669753125 0.5015432093750001 0.41705246875 0.4974279828125 0.4147376546875 0.489711934375 0.40933642031249995 0.48456790156249996 0.37229938281249997 0.48353909531249994 0.3688271609375 0.48662551406250004 0.365740740625 0.4979423875 0.365740740625 0.510288065625 0.367669753125 0.5180041156249999 0.3769290125 0.5241769546875 0.398919753125 0.5252057609375
0 0.3144290125 0.4465020578125 0.3171296296875 0.4393004109375 0.3167438265625 0.43158436250000004 0.31520061718750003 0.4284979421875 0.3155864203125 0.4197530859375 0.31404320937499997 0.41718107031249996 0.30979938281249997 0.4166666671875 0.3082561734375 0.4197530859375 0.308641975 0.43827160468750004 0.3105709875 0.44444444375 0.3144290125 0.4465020578125
2 0.2625 0.39140625 0.04921875 0.02109375
2 0.240625 0.35234375 0.01328125 0.059375
2 0.3283179015625 0.3796296296875 0.325617284375 0.3719135796875 0.3263888890625 0.3652263375 0.3221450625 0.3605967078125 0.2935956796875 0.3590534984375 0.288580246875 0.3621399171875 0.2854938265625 0.3683127578125 0.2870370375 0.39248971250000003 0.3221450625 0.3909465015625 0.3279320984375 0.384259259375 0.3283179015625 0.3796296296875
2 0.7530864203125 0.8760288062500001 0.763117284375 0.8847736625 0.7820216046875 0.8904320984374999 0.8148148140625 0.8940329218749999 0.8221450625 0.8878600828125001 0.827546296875 0.8647119343749999 0.826774690625 0.85648148125 0.8213734562499999 0.8395061734375 0.803240740625 0.8333333328125001 0.7596450625 0.8281893 0.7554012343750001 0.8302469140625 0.750385803125 0.847222221875 0.750385803125 0.85442386875 0.7523148140625 0.8611111109375 0.75 0.8693415640625 0.7530864203125 0.8760288062500001
2 0.5015432093750001 0.472736625 0.50771605 0.4665637859375 0.509259259375 0.45473251093749995 0.5057870375 0.4449588484375 0.5023148140625 0.441358025 0.47067901250000005 0.4362139921875 0.46643518593750005 0.4372427984375 0.464891975 0.44032921875 0.4637345671875 0.4588477359375 0.467206790625 0.4675925921875 0.48572530937499997 0.472736625 0.5015432093750001 0.472736625
2 0.3962191359375 0.4074074078125 0.4185956796875 0.4068930046875 0.4251543203125 0.404835390625 0.42862654375 0.4002057609375 0.42862654375 0.3847736625 0.42322530937499997 0.37602880625 0.4201388890625 0.374485596875 0.3942901234375 0.37602880625 0.390046296875 0.3806584359375 0.3869598765625 0.3914609046875 0.3873456796875 0.39609053437499997 0.3923611109375 0.40432098749999995 0.3962191359375 0.4074074078125
1 0.5625 0.43828125 0.03203125 0.03984375
1 0.5703125 0.403125 0.04140625 0.0203125
2 0.2765625 0.284375 0.03671875 0.02734375
1 0.3953125 0.3703125 0.01328125 0.01015625