2 0.9078125 0.41640625 0.1828125 0.125
0 0.22890625 0.246875 0.11875 0.128125
2 0.8265625 0.2234375 0.17109375 0.11484375
0 0.24296875 0.11953125 0.17265625 0.1
0 0.4484375 0.28125 0.1828125 0.125
0 0.0546875 0.26015625 0.1078125 0.13359375
2 0.059375 0.8234375 0.11875 0.14140625
2 0.77578125 0.825 0.14375 0.22734375
0 0.10625 0.753125 0.2109375 0.14921875
0 0.59296875 0.10859375 0.15234375 0.10703125
2 0.35234375 0.86015625 0.29921875 0.209375
2 0.27109375 0.0390625 0.159375 0.078125
2 0.48515625 0.9828125 0.1015625 0.03359375
0 0.93515625 0.82578125 0.128125 0.23125
2 0.43984375 0.04765625 0.08359375 0.078125
0 0.89921875 0.0140625 0.0953125 0.028125
0 0.97734375 0.2109375 0.04375 0.0375
0 0.175 0.00859375 0.034375 0.0171875