0 0.1953125 0.30078125 0.078125 0.0390625
2 0.6484375 0.34453125 0.08984375 0.0515625
2 0.0796875 0.38515625 0.090625 0.03515625
1 0.1453125 0.43203125 0.0578125 0.06875
0 0.32421875 0.50390625 0.121875 0.06640625
0 0.6265625 0.2375 0.06171875 0.03671875
2 0.42109375 0.3609375 0.0578125 0.0515625
2 0.51953125 0.26640625 0.06015625 0.0421875
2 0.034375 0.31953125 0.06875 0.03984375
2 0.5375 0.334375 0.05859375 0.03515625
2 0.3328125 0.24453125 0.06171875 0.02890625
2 0.14921875 0.296875 0.0734375 0.04375
0 0.165625 0.21484375 0.046875 0.0296875
2 0.11875 0.2171875 0.05625 0.02734375
2 0.71796875 0.18515625 0.0609375 0.02734375
0 0.2125 0.2140625 0.040625 0.03046875
2 0.01484375 0.28515625 0.0296875 0.03203125
2 0.07265625 0.16171875 0.04921875 0.0203125
1 0.02421875 0.19765625 0.04765625 0.02734375
1 0.32734375 0.22265625 0.04609375 0.01875