2 0.83671875 0.8265625 0.32109375 0.2015625
2 0.3125 0.6453125 0.27578125 0.190625
0 0.67421875 0.2109375 0.1890625 0.0890625
0 0.7578125 0.40078125 0.234375 0.13125
2 0.69765625 0.4734375 0.2390625 0.15390625
1 0.27890625 0.22578125 0.1796875 0.08515625
0 0.59140625 0.66484375 0.26953125 0.1953125
1 0.09296875 0.24140625 0.17890625 0.08359375
2 0.1140625 0.765625 0.22734375 0.23125
0 0.0296875 0.67265625 0.05859375 0.14296875
0 0.02421875 0.29609375 0.04765625 0.0640625
2 0.009375 0.34140625 0.01875 0.03046875
2 0.4844912703125 0.73010915 0.41582853125 0.695430296875 0.195420303125 0.8226291109374999 0.22086712656250002 0.8786633078125 0.295363175 0.9310141765625 0.5152772046874999 0.791838765625 0.4844912703125 0.73010915