2 0.85703125 0.6140625 0.22265625 0.2140625
0 0.49453125 0.63359375 0.31015625 0.19375
0 0.321875 0.484375 0.27109375 0.08828125
2 0.24296875 0.9421875 0.28671875 0.1140625
0 0.73984375 0.87421875 0.39921875 0.1828125
1 0.7390625 0.52421875 0.1734375 0.18046875
2 0.28203125 0.58828125 0.29140625 0.1265625
0 0.734375 0.23125 0.18984375 0.084375
2 0.76796875 0.35625 0.23515625 0.10625
0 0.946875 0.34140625 0.1046875 0.06484375
0 0.90390625 0.271875 0.1890625 0.1
0 0.97734375 0.56484375 0.04375 0.10546875
2 0.4203125 0.21953125 0.19609375 0.08828125
2 0.546875 0.325 0.22421875 0.078125
1 0.90390625 0.4140625 0.190625 0.1296875