0 0.57734375 0.56640625 0.12109375 0.171875
2 0.58515625 0.2765625 0.1875 0.10390625
2 0.6625 0.72734375 0.165625 0.21796875
1 0.7546875 0.18359375 0.18125 0.0828125
0 0.30234375 0.52890625 0.12421875 0.153125
2 0.45546875 0.0625 0.103125 0.07578125
0 0.06953125 0.24375 0.1390625 0.06875
2 0.8578125 0.6953125 0.28359375 0.21484375
0 0.1453125 0.38828125 0.18671875 0.08671875
0 0.10625 0.6546875 0.2109375 0.11328125
1 0.36640625 0.3171875 0.184375 0.0984375
1 0.93046875 0.16953125 0.13828125 0.084375
0 0.7421875 0.63828125 0.14609375 0.2125
1 0.37265625 0.05859375 0.1015625 0.071875
2 0.01796875 0.45546875 0.0359375 0.0546875