0 0.35703125 0.0484375 0.04453125 0.03515625
0 0.54140625 0.05234375 0.0578125 0.0296875
0 0.685971790625 0.587372875 0.6876880734374999 0.5752347296875 0.666396015625 0.5702973453125 0.6486594640625001 0.593655253125 0.645813746875 0.6053569515625 0.6678319875 0.6114057374999999 0.685971790625 0.587372875
0 0.812255384375 0.51055205 0.7985874203125001 0.528184509375 0.793548403125 0.5394534484375 0.813565134375 0.544097 0.8282297546875 0.5252646171875 0.8298427640625 0.514820625 0.812255384375 0.51055205
0 0.483516084375 0.4623540109375 0.47865639531250004 0.47914376562500005 0.4783727578125 0.49003600937499997 0.4967442484375 0.4910411234375 0.5010310546875 0.473427440625 0.5009058234375 0.4630878703125 0.483516084375 0.4623540109375
2 0.3762821015625 0.49631602812500003 0.3774677671875 0.5080487671875 0.3929919625 0.51229309375 0.419209434375 0.4971364109375 0.41785260468749996 0.48587303281249994 0.40351050937500005 0.48129640937499996 0.3762821015625 0.49631602812500003
2 0.447076140625 0.46828997031249997 0.4472321484375 0.47923308281250004 0.4546109109375 0.49654602968750006 0.47264283437500004 0.4953786390625 0.4728701609375 0.48443753125000005 0.4648441859375 0.46688455468749995 0.447076140625 0.46828997031249997
2 0.46476306093749997 0.503335746875 0.446664278125 0.5001932874999999 0.429469453125 0.5192365921875 0.42950689531249997 0.5306076140625 0.4483342296875 0.5336624859375 0.46481120000000004 0.5152496796875 0.46476306093749997 0.503335746875
2 0.6078382078125 0.5306501578125 0.605567515625 0.542804184375 0.6218271140625 0.564447496875 0.6416834359375 0.5626906828125 0.6436103765625 0.5508423609374999 0.626324765625 0.528148765625 0.6078382078125 0.5306501578125
2 0.6219854328125 0.5279847609375 0.622543484375 0.5268623156250001 0.6149118203125 0.5176295328125 0.571219340625 0.52377575625 0.5693273875 0.5357788984375 0.5779387046875 0.5446305359375 0.6054800453125 0.5402772078125 0.60685768125 0.5306704953125 0.6219854328125 0.5279847609375
1 0.6583541390625001 0.519333865625 0.6259101640625 0.5225385078125 0.62385289375 0.525053021875 0.6239141234375001 0.5269351343750001 0.6283076875 0.528604040625 0.63071658125 0.531982528125 0.6355256234375 0.5395188515625 0.639067240625 0.5389540203125 0.6415216187499999 0.540393321875 0.6459300515625 0.540992921875 0.6491768984374999 0.5434864421875 0.6511484484375 0.54511664375 0.652294290625 0.5390169984375001 0.652120228125 0.53690396875 0.654406665625 0.5363699703125 0.695720865625 0.5483252234375 0.70362980625 0.54239220625 0.7069693703125 0.5291754328125 0.6614951484375 0.5172175546875 0.6583541390625001 0.519333865625
1 0.5189265640625 0.3994024921875 0.5010106734375 0.38884595 0.48805922968750004 0.3917247484375 0.487184115625 0.40049039531249997 0.505920478125 0.4121443 0.510468384375 0.41158127499999997 0.51029899375 0.40416928125 0.51897111875 0.40239351875 0.5189265640625 0.3994024921875
2 0.441053134375 0.4076864484375 0.440444925 0.39757061562499996 0.41304778593749997 0.3905359671875 0.4031575625 0.39456571875 0.4037262609375 0.40464088593750003 0.41704128437500004 0.40840394062499996 0.43195564218750004 0.4077192328125 0.441053134375 0.4076864484375