2 0.5328125 0.40234375 0.08515625 0.09609375
0 0.58203125 0.28671875 0.0703125 0.084375
2 0.05546875 0.4078125 0.11015625 0.09453125
1 0.5625 0.9484375 0.2234375 0.1015625
2 0.21484375 0.2359375 0.08984375 0.07265625
2 0.503125 0.1125 0.11328125 0.04921875
2 0.70859375 0.59375 0.08828125 0.06640625
2 0.85234375 0.7328125 0.0875 0.09765625
2 0.01875 0.29296875 0.0375 0.0453125
0 0.13046875 0.28359375 0.12578125 0.08984375
0 0.03359375 0.70546875 0.0671875 0.0546875
1 0.3171875 0.37265625 0.09765625 0.09609375
0 0.071875 0.0859375 0.03984375 0.05859375
1 0.00859375 0.34375 0.0171875 0.06328125