2 0.890625 0.525 0.21796875 0.2171875
2 0.57265625 0.20625 0.22734375 0.11328125
0 0.16953125 0.296875 0.215625 0.13125
2 0.80625 0.20625 0.2390625 0.1078125
2 0.9171875 0.36171875 0.1640625 0.1265625
2 0.54921875 0.43984375 0.25625 0.2484375
1 0.7203125 0.0375 0.1703125 0.075
0 0.02578125 0.44453125 0.0515625 0.1296875
0 0.6359375 0.765625 0.415625 0.2453125
0 0.73671875 0.4171875 0.2296875 0.1484375
1 0.4491959859375 0.455929353125 0.4625716984375 0.43783248124999996 0.4576652484375 0.35488983749999997 0.345631728125 0.358631440625 0.335944521875 0.46089648437499997 0.35062920000000003 0.5375944546875 0.45315755468749996 0.533417253125 0.4201907125 0.49845228906249994 0.4491959859375 0.455929353125