0 0.6618859593749999 0.620372784375 0.6422045421875 0.6445842546875 0.638602446875 0.6581515015625 0.662001353125 0.665905790625 0.6821386890625 0.6394280218749999 0.6847373109375 0.626895075 0.6618859593749999 0.620372784375
2 0.6197796953125 0.5708620890625 0.6116150234375 0.5604079265624999 0.565023109375 0.5652663421875 0.563288809375 0.5775718953125 0.5705427765625 0.5879921171875 0.60041278125 0.5845761234375 0.602915240625 0.5743306890625 0.6196790078125 0.5729595390625 0.6197796953125 0.5708620890625
2 0.6030871999999999 0.5742349140624999 0.600711446875 0.5860025281250001 0.6163020453125 0.6112542390625 0.6374858437500001 0.6096438171874999 0.639624021875 0.5972797187500001 0.6234756875 0.57209928125 0.6030871999999999 0.5742349140624999
1 0.5690008 0.543876078125 0.5786101546875 0.5419932937499999 0.5711842296875 0.5264355046875 0.5514281453125001 0.5267384140625 0.5515559828125001 0.540096934375 0.5545483015625 0.547498253125 0.559813421875 0.5450885609375 0.5690008 0.543876078125
1 0.6220943578125 0.5680841546875001 0.6264510359375 0.5665492484375 0.6315532484374999 0.565333371875 0.658990934375 0.562977134375 0.6620681015625001 0.560865259375 0.6653081750000001 0.56207689375 0.6681726546875 0.5511933984375 0.6544249640625 0.542515959375 0.618329353125 0.5551931484375 0.61685525625 0.5663464609375 0.6206168640625 0.5706109374999999 0.6220943578125 0.5680841546875001
2 0.46518108593749996 0.5299505890625 0.4641060875 0.5191999765624999 0.45882109375 0.50031125 0.44031944999999995 0.5015993734374999 0.439677784375 0.5116835859375 0.44625860937499995 0.5315048124999999 0.46518108593749996 0.5299505890625
1 0.45764246875000003 0.500119775 0.4404482953125 0.5026935578125 0.43907086250000005 0.5121352124999999 0.4458452234375 0.5315944328125 0.4659565484375 0.5315528734375 0.4652302296875 0.519291040625 0.45764246875000003 0.500119775
2 0.454868025 0.5398999890625 0.43756379062499995 0.53585348125 0.4175316609375 0.5547845109375 0.41615419375 0.567427465625 0.4363151625 0.570782059375 0.45545177812500004 0.55274216875 0.454868025 0.5398999890625
2 0.43289853437500003 0.5390744640625 0.41530639999999996 0.5344195468749999 0.3925829609375 0.553375628125 0.393351225 0.5652896875 0.4114539453125 0.5696928906250001 0.41658684062500007 0.56661386875 0.41645322812499996 0.5554680750000001 0.43289853437500003 0.5390744640625
1 0.0492263421875 0.45396951874999997 0.0486634734375 0.46933176718749997 0.0527714296875 0.48110480000000005 0.0734963625 0.47906810312500003 0.0712621671875 0.46104055937500005 0.06806763906249999 0.45314373124999996 0.0492263421875 0.45396951874999997
0 0.4962731625 0.4984169890625 0.49445366249999995 0.497746275 0.4789970109375 0.4964341890625 0.47254961250000005 0.5135991234375 0.4710285109375 0.525366284375 0.490131440625 0.5268482671875 0.49639961875000005 0.5087260484375 0.4962731625 0.4984169890625
2 0.44878430625 0.468330034375 0.4540739078125 0.468222621875 0.47401096875000004 0.46026412812500006 0.47394203749999997 0.45023821093749994 0.46211605625 0.44598942968750005 0.46156461093749995 0.44584487656249994 0.4358514171875 0.4562914046875 0.435775125 0.4670646859375 0.44485993593749995 0.46982024375 0.44878430625 0.468330034375
0 0.8159261390625 0.5602716937500001 0.802935509375 0.5785091921875 0.7975382484375 0.5914276453125 0.8189521328125 0.597749615625 0.8337595671875 0.5760865859375001 0.8372796250000001 0.5666145015625 0.8159261390625 0.5602716937500001
2 0.37940458125 0.5472865984374999 0.40911706875 0.5299180109375 0.4085003921875 0.519258946875 0.392014315625 0.513495815625 0.3635458921875 0.52960325 0.363684359375 0.5398715390625 0.37940458125 0.5472865984374999
0 0.364408753125 0.44053158124999997 0.349205790625 0.4369473765625 0.3298154515625 0.4502401265625 0.3303787484375 0.46008798124999994 0.343964503125 0.46264023125 0.3661915171875 0.450007690625 0.364408753125 0.44053158124999997
1 0.3978512328125 0.4574509328125 0.407988559375 0.457902934375 0.40906568749999994 0.4515870421875 0.41071923750000006 0.45319516406250004 0.44029838750000005 0.4528998875 0.44134523281250004 0.4418769828125 0.44003289062500006 0.43736455 0.401083628125 0.4378453203125 0.3806424078125 0.44714426406249996 0.38000541718749997 0.45295969999999997 0.38254832968749997 0.45729118125 0.3978512328125 0.4574509328125
2 0.4383843890625 0.4193223875 0.4289325078125 0.4228876640625 0.440612340625 0.4267096046875 0.4411403046875 0.4362947390625 0.45581530312499996 0.44181111250000005 0.46628778125 0.43808532656250004 0.46517733906250003 0.42769613125 0.4383843890625 0.4193223875
2 0.142114840625 0.4142912234375 0.10199291562499999 0.4174459640625 0.1030198890625 0.4271974671875 0.105742671875 0.4335185109375 0.1461895296875 0.43009250000000004 0.142114840625 0.4142912234375
0 0.3981473109375 0.36936932499999997 0.3985343890625 0.378623359375 0.41696122031250005 0.388110359375 0.42652905937499996 0.38579864218750004 0.427139146875 0.37701411875 0.40896160625 0.36707254218749996 0.3981473109375 0.36936932499999997
0 0.3383290859375 0.40730551875 0.3387043078125 0.40965418906249995 0.3479530984375 0.41388933437500003 0.3483824796875 0.4199611859375 0.3680754984375 0.42426147187499996 0.37537141093750004 0.420621628125 0.3757868078125 0.41059943906249996 0.34710555625 0.40343229843749995 0.3383290859375 0.40730551875
1 0.40211085156250004 0.4218721796875 0.413044965625 0.41824853749999996 0.41918951875 0.41988287343749997 0.4276912828125 0.4228661015625 0.42948248749999995 0.42200685 0.42920875625 0.41622080625 0.40371859375 0.4075913265625 0.394469315625 0.4115509109375 0.39329339375 0.4217733734375 0.4018546859375 0.424223778125 0.40211085156250004 0.4218721796875
1 0.438703465625 0.43639972968749996 0.44021557343750006 0.426752175 0.4129561609375 0.4185771609375 0.40250558906249995 0.4222904625 0.40175221875 0.4324419296875 0.416291190625 0.436580509375 0.438703465625 0.43639972968749996
2 0.457023228125 0.4115424640625 0.4625630296875 0.4103912296875 0.463196825 0.4010783 0.42819201093750003 0.3998856421875 0.42778452343750006 0.40515384374999996 0.43707724687500005 0.411837471875 0.44279755625000006 0.4067561765625 0.457057578125 0.40876111249999997 0.457023228125 0.4115424640625
0 0.44744426875 0.42021789531250003 0.46600656718750005 0.4269184984375 0.46642118750000006 0.4379726171875 0.47452929375 0.4388456921875 0.482504728125 0.43571293593749993 0.483750084375 0.4262035578125 0.45563433125 0.417316671875 0.44744426875 0.42021789531250003
1 0.5430535187500001 0.45322000625000003 0.5431155249999999 0.44598319843749995 0.5256887625 0.4336796140625 0.5123544171875001 0.43633318593750003 0.5110321140625 0.446470096875 0.5251927125 0.4563391859375 0.5430535187500001 0.45322000625000003
1 0.5199109703125 0.43089549375 0.5025850625 0.41969457656250003 0.48974303125 0.42184051718750004 0.48868220000000007 0.43134205156250005 0.5060611500000001 0.44235134687500005 0.5098681890625001 0.4425009453125 0.511755271875 0.43544455312499997 0.52001630625 0.4339855375 0.5199109703125 0.43089549375
2 0.4682813765625 0.40794232499999994 0.46780624375 0.409899446875 0.4882399390625 0.4199013265625 0.48712597031250005 0.427873884375 0.48873001250000003 0.4277908828125 0.48903556249999997 0.4215480421875 0.4974445140625 0.4194519671875 0.4977672453125 0.41629300625 0.48118093125000005 0.4056378203125 0.4682813765625 0.40794232499999994
2 0.45535567656250003 0.412631459375 0.45535119375 0.41685442500000003 0.4752305671875 0.42309222343749997 0.4846204140625 0.42496978125 0.4836469890625 0.43052065468749995 0.4861533890625 0.4303088609375 0.4879582953125 0.4203036203125 0.46641147656250004 0.4097509671875 0.45535567656250003 0.412631459375
2 0.5615350890624999 0.49218548437500004 0.5661324046875 0.48904703125 0.56854676875 0.4899723171875 0.5726849421875 0.48584225 0.5736341796875 0.48251089062499997 0.5771717109375001 0.482891728125 0.5777487703124999 0.48552829375 0.5691356203125 0.4970048171875 0.5758517703125 0.49598059218749996 0.5830499078125 0.492284978125 0.5841052703125 0.48463009375 0.5652502328125 0.4689350640625 0.5505311578125001 0.471403596875 0.549847971875 0.483228346875 0.5615350890624999 0.49218548437500004
2 0.5995050640625 0.43241495937499996 0.6010546375 0.4112632859375 0.58748261875 0.4105895765625 0.5845188171875 0.4319319828125 0.5995050640625 0.43241495937499996
2 0.5363568359374999 0.3727992703125 0.5331778593750001 0.380871115625 0.5400674765625 0.3848653609375 0.56787425625 0.382310665625 0.56915385625 0.3732145390625 0.5640945281249999 0.3706132859375 0.5363568359374999 0.3727992703125
2 0.01805925 0.41515849375 0.023041665625 0.426753421875 0.0610065421875 0.42755845781249996 0.0681877875 0.41990310312499995 0.0641205515625 0.41248955781249996 0.025877315625 0.40968244374999996 0.01805925 0.41515849375
1 0.20315154687499998 0.37859091562499997 0.2021402453125 0.37072829218750003 0.1919010625 0.366575446875 0.1681524875 0.3741136515625 0.1675256796875 0.383285959375 0.17731227968750002 0.3857401203125 0.20315154687499998 0.37859091562499997
2 0.0679334609375 0.3926264859375 0.0933041234375 0.3941073921875 0.10071766874999999 0.3907941265625 0.098302559375 0.381624821875 0.07677484375 0.3794755546875 0.0679334609375 0.3926264859375
2 0.043576101562500004 0.372960165625 0.004842234375 0.376207346875 0.0076878984375 0.3906319171875 0.04529831875 0.38634990468749997 0.043576101562500004 0.372960165625