2 0.04296875 0.04140625 0.06328125 0.03828125
0 0.73046875 0.16015625 0.11640625 0.05234375
0 0.495353665625 0.4618564515625 0.4225958140625 0.45229064062499996 0.3786796328125 0.5197024406249999 0.381852890625 0.5809411171875001 0.4652107765625 0.5854478203125 0.49681446874999996 0.515858625 0.495353665625 0.4618564515625
0 0.8489357046875 0.266475475 0.8569701265624999 0.27292940468750004 0.9556725890625 0.263998859375 0.9603496171874999 0.221242728125 0.9331344734375 0.2084775734375 0.8264957953125001 0.22155115468750003 0.8172399453124999 0.26396203281249997 0.83805333125 0.2698083171875 0.8489357046875 0.266475475
0 0.602391303125 0.4022888 0.6017406921874999 0.37964480625 0.7086985390625 0.35605251718750003 0.7032665578125 0.34264749375000003 0.6771378109375 0.3229634703125 0.535808109375 0.3405759765625 0.5316712124999999 0.39348715 0.5560936421875 0.39095529375 0.5560936421875 0.4031220109375 0.602391303125 0.4022888
0 0.8038963000000001 0.21190248281250001 0.7650008640625 0.19478253750000002 0.7322187078125 0.21330190937500002 0.7282720828125 0.2579132 0.7713166921875 0.27625764375 0.800808971875 0.24383608437499998 0.8038963000000001 0.21190248281250001
0 0.5646006765625 0.443871071875 0.700786875 0.4996179234375 0.704217921875 0.5264003500000001 0.7250804093750001 0.52236779375 0.7262527359375001 0.47099875 0.601802071875 0.41835457343750004 0.5520610875 0.43392318124999996 0.546972825 0.44674357656249997 0.5646006765625 0.443871071875
0 0.7239387734375 0.40727885625000004 0.6605840796875 0.416646721875 0.6584358390625 0.44097555 0.7336549609375 0.4741382515625 0.738503846875 0.5303086140625 0.8020672265625001 0.5220409546875 0.8228130953124999 0.4928509640625 0.8169085015625001 0.467274621875 0.7239387734375 0.40727885625000004
0 0.841245003125 0.47847923281250004 0.8793916234375001 0.48569732187500003 0.9341042500000001 0.4951526515625 0.9431145875 0.4870092828125 0.9431145875 0.47405999374999996 0.8449890796874999 0.4148974390625 0.7849365390624999 0.42551742187499997 0.78407110625 0.44192384375 0.8207078203125 0.4695671015625 0.82741033125 0.4895365359375 0.841245003125 0.47847923281250004
2 0.3987135125 0.6909249140625 0.4256770046875 0.6555249734374999 0.42648719843749994 0.5890016234375001 0.3079718171875 0.57626869375 0.2386266 0.6710337375 0.351722278125 0.6835503093749999 0.3987135125 0.6909249140625
2 0.8680611875 0.71145135625 0.88231323125 0.6499042546875 0.8241327296875 0.55506555625 0.719973734375 0.5593466921875 0.713363290625 0.61751491875 0.71572635625 0.6260679859375 0.7647553515625 0.7136379578125001 0.8680611875 0.71145135625
2 0.9824151203125 0.74878103125 0.9999815921874999 0.7472435046875 1 0.6199178796875 0.9281260031249999 0.5750027656250001 0.8516363515625001 0.5892317921875 0.8806130515625 0.643538709375 0.87790013125 0.6813692312499999 0.9824151203125 0.74878103125
2 0.902635590625 0.580458684375 0.9178267218749999 0.5620175703125 0.9169428749999999 0.52256205625 0.9383393546875001 0.496663478125 0.8387346296875 0.4792535203125 0.7824998203125 0.5535243453125 0.8209901593750001 0.55343688125 0.8514522156250001 0.5873453296875 0.902635590625 0.580458684375
2 0.9992266390625 0.3921070578125 0.9992266390625 0.36687596875 0.89877489375 0.3685055625 0.8935209109375 0.4179181734375 0.9137389265625 0.44035961874999996 1 0.44162094218750003 0.9992266390625 0.3921070578125
2 0.552011984375 0.43132780000000004 0.548654590625 0.3952327484375 0.465376496875 0.38639427187500003 0.4148191828125 0.44628415937500004 0.49801748437500004 0.45588219375000005 0.5468255171874999 0.4434162578125 0.552011984375 0.43132780000000004
2 0.7266639703125 0.4074547046875 0.75280499375 0.423990021875 0.7881650390625 0.4195569734375 0.7900248015625 0.37045739375000003 0.73912990625 0.35086083281249997 0.6058469015625 0.38252743906250003 0.6049446406250001 0.4168225703125 0.6547163140625 0.43629944218750005 0.6536974328125 0.41948792343749997 0.7266639703125 0.4074547046875
2 0.89250816875 0.2840658859375 0.8526675062500001 0.26828091718749997 0.7312980328124999 0.292209253125 0.7322187078125 0.33315165625 0.776951221875 0.3513303765625 0.8908325406250001 0.327903809375 0.89250816875 0.2840658859375
2 0.633669690625 0.24152611249999997 0.564993496875 0.23642097031249998 0.5469912390625 0.27189916875 0.5436645343750001 0.31429623906250004 0.6150413734375 0.3192402609375 0.6324114359374999 0.2888119640625 0.633669690625 0.24152611249999997
2 0.7293155140625001 0.25891765625 0.7293155140625001 0.21929181875 0.6865225546875 0.2077327484375 0.5955169312499999 0.2318037875 0.632969978125 0.243500959375 0.639132359375 0.28253296250000004 0.7293155140625001 0.25891765625
2 0.586518871875 0.12409773906249999 0.568811228125 0.1128563015625 0.46038644062499995 0.12138175 0.46224620312500003 0.1557229140625 0.48653360156250003 0.1646856828125 0.586297909375 0.15639961093750002 0.586518871875 0.12409773906249999
2 0.3979278703125 0.1040546515625 0.3785507375 0.10325826874999999 0.2765952234375 0.092739559375 0.27811740625 0.12845253125 0.38074194375000003 0.137907859375 0.3979278703125 0.12291006874999999 0.3979278703125 0.1040546515625
1 0.2877108359375 0.1620111234375 0.2465259890625 0.1622504984375 0.21840858437500002 0.18384031875 0.2219685265625 0.223263609375 0.282647125 0.226103890625 0.29489209843749997 0.1875598453125 0.2877108359375 0.1620111234375
1 0.9254744593750001 0.501841353125 0.9222582359375 0.5581129890625001 0.9961945515625 0.5821610109375001 0.9992818796874999 0.5227452703125001 0.99746508125 0.454182628125 0.9254744593750001 0.501841353125