1 0.68828125 0.47578125 0.07265625 0.0984375
2 0.5828125 0.39765625 0.11015625 0.0578125
0 0.68359375 0.2609375 0.09375 0.05703125
0 0.95546875 0.6375 0.08828125 0.08046875
0 0.6609375 0.13203125 0.03984375 0.0390625
0 0.6046875 0.13515625 0.05390625 0.03828125
2 0.51328125 0.25078125 0.0859375 0.04296875
2 0.62578125 0.25546875 0.0859375 0.05859375
0 0.40390625 0.54609375 0.13515625 0.0671875
0 0.3734375 0.246875 0.0703125 0.04921875
2 0.43984375 0.23671875 0.0671875 0.04375
2 0.8375 0.1734375 0.08984375 0.04140625
0 0.71953125 0.13828125 0.075 0.04140625
2 0.553125 0.1390625 0.0671875 0.03671875
2 0.8859375 0.12421875 0.03203125 0.046875
0 0.85390625 0.10078125 0.04375 0.02109375
1 0.990625 0.18359375 0.0171875 0.03984375
1 0.8359375 0.14453125 0.0859375 0.0359375
0 0.534375 0.21953125 0.05390625 0.03203125
2 0.9859375 0.3234375 0.02734375 0.0625
0 0.990625 0.134375 0.0171875 0.03515625
1 0.43515625 0.12109375 0.05 0.0296875
2 0.28359375 0.28828125 0.090625 0.03203125