2 0.3359375 0.59375 0.1484375 0.15625
1 0.11796875 0.58984375 0.1125 0.17109375
1 0.25078125 0.5015625 0.13984375 0.11640625
1 0.13203125 0.4796875 0.1375 0.10625
1 0.10546875 0.3984375 0.09140625 0.08203125
1 0.72890625 0.4140625 0.11640625 0.10078125
1 0.8734375 0.44921875 0.07734375 0.11796875
2 0.21953125 0.35625 0.0671875 0.1296875
2 0.26875 0.29453125 0.078125 0.06015625
2 0.3234375 0.26953125 0.0765625 0.04921875
2 0.40859375 0.39453125 0.11015625 0.084375
0 0.43828125 0.3015625 0.0828125 0.05703125
0 0.34375 0.4296875 0.0578125 0.0984375
0 0.5734375 0.54921875 0.13984375 0.15
2 0.56640625 0.3828125 0.05078125 0.09453125