0 0.909375 0.47421875 0.1796875 0.1390625
2 0.46796875 0.49921875 0.19453125 0.13828125
2 0.115625 0.34296875 0.1765625 0.08828125
2 0.34296875 0.171875 0.11171875 0.0953125
2 0.34609375 0.61171875 0.125 0.18671875
0 0.521875 0.40234375 0.15625 0.103125
0 0.26796875 0.409375 0.17578125 0.13671875
2 0.5171875 0.65078125 0.215625 0.20234375
2 0.7125 0.33984375 0.20625 0.0890625
1 0.65390625 0.4734375 0.20234375 0.14921875
0 0.31328125 0.2765625 0.19375 0.0859375
0 0.0546875 0.45546875 0.109375 0.1578125
2 0.56640625 0.2203125 0.1765625 0.08984375
0 0.5515625 0.146875 0.090625 0.05859375
2 0.92890625 0.38125 0.1375 0.10078125
0 0.70625 0.7015625 0.2203125 0.21328125
2 0.9390625 0.2734375 0.12109375 0.109375
2 0.378125 0.31875 0.20703125 0.1
0 0.68828125 0.15390625 0.15390625 0.05
2 0.9765625 0.52734375 0.046875 0.0484375
2 0.98828125 0.81640625 0.02265625 0.16640625
1 0.92109375 0.20234375 0.15703125 0.0796875