2 0.4390625 0.7125 0.1640625 0.21875
2 0.8578125 0.5640625 0.28203125 0.190625
2 0.390625 0.25859375 0.18984375 0.1109375
0 0.36328125 0.55078125 0.1234375 0.175
1 0.55546875 0.16171875 0.17890625 0.08515625
0 0.09296875 0.52109375 0.1296875 0.1578125
1 0.17109375 0.303125 0.1890625 0.103125
1 0.75078125 0.1453125 0.1859375 0.08671875
0 0.021875 0.38046875 0.04375 0.08046875
2 0.2703125 0.04453125 0.109375 0.0765625
0 0.51953125 0.60078125 0.1359375 0.178125
1 0.18515625 0.0390625 0.10390625 0.07109375
2 0.6359375 0.67109375 0.28359375 0.21640625