1 0.62890625 0.1875 0.17578125 0.07578125
2 0.24609375 0.690625 0.1578125 0.19765625
0 0.20234375 0.54453125 0.12890625 0.15859375
1 0.07734375 0.30859375 0.1546875 0.09140625
2 0.69765625 0.715625 0.3109375 0.20546875
0 0.96796875 0.18828125 0.0625 0.0765625
0 0.90703125 0.5796875 0.18515625 0.13515625
0 0.91953125 0.9609375 0.16015625 0.0703125
2 0.27734375 0.2765625 0.1921875 0.09609375
2 0.19375 0.06953125 0.1109375 0.0703125
2 0.9640625 0.415625 0.07109375 0.1078125
1 0.11171875 0.06015625 0.10390625 0.06484375
1 0.44453125 0.19375 0.171875 0.0734375
0 0.34375 0.590625 0.125 0.15546875
2 0.564561940625 0.5878708671874999 0.4875490046875 0.562073171875 0.31214835937499996 0.661758571875 0.3120837453125 0.6633158031249999 0.3240419 0.7206135046875 0.4073612984375 0.7616539734375001 0.5868628671875 0.649103646875 0.564561940625 0.5878708671874999
2 0.7155078125000001 0.6049810250000001 0.7211121203124999 0.6049810250000001 0.7193330437500001 0.5861133296875 0.7921804406249999 0.5523614765625 0.79129305625 0.5182283953125 0.728654890625 0.48429238906250005 0.52932931875 0.5599311703125001 0.566801940625 0.591925484375 0.594414253125 0.6510776468749999 0.7155078125000001 0.6049810250000001