0 0.68828125 0.57578125 0.14296875 0.0890625
2 0.32890625 0.9421875 0.215625 0.11171875
2 0.271875 0.5640625 0.1484375 0.10078125
2 0.91640625 0.953125 0.1171875 0.0921875
2 0.60390625 0.96328125 0.22421875 0.071875
0 0.521875 0.546875 0.0859375 0.09453125
0 0.8109375 0.43984375 0.11015625 0.08125
2 0.95859375 0.53515625 0.08203125 0.09296875
0 0.39453125 0.55546875 0.07890625 0.0984375
0 0.40703125 0.91171875 0.196875 0.11953125
2 0.10703125 0.36328125 0.13203125 0.06171875
0 0.1546875 0.9640625 0.1046875 0.0703125
2 0.10234375 0.234375 0.11640625 0.0578125
2 0.98359375 0.69921875 0.03203125 0.06484375