2 0.1543209875 0.886316871875 0.173225309375 0.8909465015625001 0.18595679062499998 0.8888888890625 0.1975308640625 0.8765432093750001 0.20216049374999998 0.8626543203124999 0.20061728437499998 0.8559670781250001 0.20023148124999998 0.8328189296874999 0.1956018515625 0.8271604937499999 0.1354166671875 0.8184156375 0.130401234375 0.8184156375 0.1226851859375 0.8220164609375 0.11844135781250001 0.8302469140625 0.110725309375 0.8389917703125 0.108796296875 0.8533950625 0.108024690625 0.8724279828125001 0.1111111109375 0.8806584359375 0.13811728437499998 0.88580246875 0.1543209875 0.886316871875
0 0 0.999485596875 0.1041666671875 0.999485596875 0.1033950625 0.9598765437500001 0.0960648140625 0.9444444437499999 0.092206790625 0.9413580250000001 0.0817901234375 0.94032921875 0.0706018515625 0.9454732515625001 0.0636574078125 0.9459876546875 0.040509259375 0.9562757203125001 0.021604937499999997 0.9593621406249999 0.013888889062500001 0.9655349796875001 0 0.9675925921875 0 0.999485596875
0 0 0.999485596875 0.1037808640625 0.999485596875 0.10300925937500001 0.9588477359375001 0.09567901250000001 0.943930040625 0.09182098749999999 0.9413580250000001 0.0821759265625 0.94032921875 0.071759259375 0.9454732515625001 0.064043209375 0.9459876546875 0.0447530859375 0.9552469140625 0.0212191359375 0.9598765437500001 0.011959876562500001 0.9665637859375 0 0.9686213984375 0 0.999485596875
0 0.22762345625 0.9912551437499999 0.23533950625000002 0.9912551437499999 0.2635030859375 0.983024690625 0.2658179015625 0.97942386875 0.286651234375 0.9675925921875 0.2908950625 0.9629629625 0.296296296875 0.9619341562500001 0.31520061718750003 0.9511316875 0.3186728390625 0.9459876546875 0.31597222187499996 0.9387860078125 0.2986111109375 0.924382715625 0.2870370375 0.9259259265625 0.24305555625 0.9475308640625 0.2303240734375 0.9573045265625 0.2206790125 0.9598765437500001 0.217206790625 0.963477365625 0.218364196875 0.9753086421875 0.2233796296875 0.9825102875 0.222608025 0.9866255140625 0.22762345625 0.9912551437499999
2 0.6975308640625 0.7854938265625 0.70987654375 0.7818930046875 0.715277778125 0.7736625515625 0.7145061734375 0.7530864203125 0.7125771609375 0.7433127578125001 0.7071759265625001 0.7361111109375 0.7010030859375 0.7319958843750001 0.6929012343750001 0.730452675 0.6851851859375 0.733024690625 0.64853395 0.7350823046875 0.645061728125 0.7366255140625 0.6427469140625 0.7438271609375 0.6423611109375 0.7674897125 0.652391975 0.7834362140625 0.656635803125 0.7870370375 0.6975308640625 0.7854938265625
2 0.46952160468750004 0.7731481484375 0.4737654328125 0.776748971875 0.523919753125 0.7710905343750001 0.5289351859375 0.7674897125 0.53125 0.759259259375 0.527777778125 0.72942386875 0.5250771609375 0.7237654328125 0.5192901234375 0.720164609375 0.4737654328125 0.72170781875 0.46296296249999996 0.7273662546875 0.46141975312500005 0.733024690625 0.46296296249999996 0.7474279828125 0.46836419687499997 0.75771605 0.4675925921875 0.7680041156249999 0.46952160468750004 0.7731481484375
2 0.3730709875 0.7479423875 0.3773148140625 0.7458847734375 0.38580246875 0.738168725 0.3939043203125 0.7242798359375 0.395061728125 0.7165637859375 0.3923611109375 0.690843621875 0.3888888890625 0.6882716046875 0.378858025 0.6862139921875 0.3692129625 0.6867283953125 0.3653549375 0.6893004109375 0.3541666671875 0.70421810625 0.3499228390625 0.723251028125 0.3499228390625 0.7402263375 0.3518518515625 0.7427983546875 0.36419753125 0.7479423875 0.3730709875 0.7479423875
2 0.1581790125 0.4778806578125 0.1608796296875 0.4747942390625 0.1628086421875 0.4665637859375 0.155864196875 0.46193415625 0.13811728437499998 0.46141975312500005 0.134259259375 0.46296296249999996 0.130401234375 0.46862139843749995 0.1307870375 0.4747942390625 0.1331018515625 0.4778806578125 0.1427469140625 0.47942386875 0.1581790125 0.4778806578125
2 0.42554012343750003 0.6347736625 0.4309413578125 0.6306584359375 0.432098765625 0.613683128125 0.4309413578125 0.6075102875 0.42592592656250006 0.6008230453125 0.41203703750000004 0.597222221875 0.4016203703125 0.597736625 0.39737654375 0.58693415625 0.393132715625 0.5823045265625 0.380401234375 0.5812757203125 0.37847222187499996 0.58487654375 0.3807870375 0.6229423875 0.38580246875 0.63580246875 0.41705246875 0.636316871875 0.42554012343750003 0.6347736625
2 0.40817901250000005 0.5823045265625 0.41628086406250003 0.5833333328125 0.4185956796875 0.5751028812500001 0.42554012343750003 0.5699588484375 0.433641975 0.5684156375 0.43711419687499997 0.5648148140625 0.4332561734375 0.558127571875 0.41203703750000004 0.549382715625 0.3958333328125 0.5519547328125001 0.3927469140625 0.5534979421874999 0.391203703125 0.5570987656249999 0.391203703125 0.5684156375 0.3942901234375 0.575617284375 0.3966049375 0.5781893 0.40817901250000005 0.5823045265625
2 0.44521605 0.7942386828125 0.4621913578125 0.7926954734375 0.46682098749999995 0.7906378593750001 0.46836419687499997 0.786522634375 0.46952160468750004 0.7793209875 0.46836419687499997 0.7556584359375 0.4645061734375 0.7505144031250001 0.455632715625 0.7469135796875 0.4421296296875 0.7474279828125 0.4328703703125 0.75 0.40817901250000005 0.75874485625 0.40046296249999996 0.7633744859375 0.3977623453125 0.7680041156249999 0.3958333328125 0.777777778125 0.3958333328125 0.78806584375 0.40046296249999996 0.7926954734375 0.4363425921875 0.7916666671875 0.44521605 0.7942386828125
1 0.6385030859375 0.7628600828125001 0.6423611109375 0.761316871875 0.6439043203125 0.7427983546875 0.6462191359375 0.7366255140625 0.6570216046875 0.7340534984375 0.6820987656249999 0.7335390953125 0.6855709875 0.72942386875 0.6847993828125001 0.7237654328125 0.6820987656249999 0.719135803125 0.6778549375 0.7155349796875 0.6701388890625 0.713477365625 0.621141975 0.71193415625 0.6192129625 0.7129629625 0.617669753125 0.719135803125 0.6180555562500001 0.7433127578125001 0.6226851859375 0.7551440328125001 0.6265432093750001 0.7597736625 0.6385030859375 0.7628600828125001
0 0.5960648140625 0.713477365625 0.5983796296875 0.711419753125 0.5999228390625 0.7047325109375 0.5995370375 0.6805555562500001 0.5991512343750001 0.6774691359375 0.5960648140625 0.6738683125 0.5617283953125 0.6676954734375 0.5520833328125 0.6676954734375 0.5428240734374999 0.6733539093750001 0.5408950625 0.700617284375 0.5435956796875 0.7047325109375 0.5817901234375 0.7129629625 0.5960648140625 0.713477365625
2 0.527777778125 0.681069959375 0.5300925921874999 0.6769547328125001 0.531635803125 0.6620370375 0.5293209875 0.6466049375 0.5246913578125 0.6414609046875 0.50887345625 0.6399176953125 0.4783950625 0.641975309375 0.4729938265625 0.6502057609375 0.4733796296875 0.672325103125 0.4783950625 0.6820987656249999 0.5212191359375 0.68261316875 0.527777778125 0.681069959375
1 0.43055555625 0.6121399171874999 0.43171296249999996 0.6244855968749999 0.43557098749999995 0.6255144031250001 0.43827160468750004 0.6229423875 0.4402006171875 0.6105967078125001 0.44637345625 0.5992798359375 0.43942901250000005 0.5920781890625 0.4328703703125 0.5900205765625001 0.4197530859375 0.5874485593750001 0.4147376546875 0.5905349796875 0.4158950625 0.5992798359375 0.4236111109375 0.598251028125 0.42746913593749997 0.6023662546875 0.43055555625 0.6121399171874999
2 0.43942901250000005 0.6069958843750001 0.43788580312500003 0.6183127578125001 0.4386574078125 0.6286008234375 0.441358025 0.634259259375 0.44637345625 0.6388888890625 0.455632715625 0.6378600828125001 0.45794753125 0.6306584359375 0.45756172812499996 0.6270576125 0.4602623453125 0.6229423875 0.4772376546875 0.616769546875 0.48495370312499997 0.616769546875 0.48804012343750003 0.6152263375 0.4895833328125 0.6111111109375 0.48495370312499997 0.6095679015625 0.4591049375 0.58693415625 0.455632715625 0.577674896875 0.45331790156249996 0.575617284375 0.44637345625 0.575617284375 0.4386574078125 0.5797325109375 0.42746913593749997 0.5781893 0.42168209843750004 0.5833333328125 0.42746913593749997 0.5905349796875 0.4386574078125 0.594135803125 0.4425154328125 0.6013374484375 0.43942901250000005 0.6069958843750001
2 0.455632715625 0.641975309375 0.4591049375 0.6394032921874999 0.4606481484375 0.6275720171875 0.46296296249999996 0.6229423875 0.48726851875 0.61419753125 0.4864969140625 0.6111111109375 0.47453703750000004 0.608024690625 0.46296296249999996 0.608024690625 0.44907407343749994 0.60442386875 0.441358025 0.6116255140625 0.43942901250000005 0.6183127578125001 0.4386574078125 0.6280864203125 0.4421296296875 0.636831275 0.44521605 0.6394032921874999 0.455632715625 0.641975309375
0 0.47492283906250005 0.6460905343750001 0.480516975 0.6424897125 0.49807098749999995 0.6414609046875 0.5065586421875 0.6388888890625 0.5069444437499999 0.616769546875 0.5054012343750001 0.613168725 0.5011574078125001 0.6105967078125001 0.4895833328125 0.613168725 0.48456790156249996 0.616769546875 0.464891975 0.6208847734375 0.4602623453125 0.625 0.4583333328125 0.63580246875 0.45871913593749997 0.6460905343750001 0.46257716093749995 0.65534979375 0.47067901250000005 0.6568930046875 0.47492283906250005 0.6460905343750001
1 0.6331018515625 0.6671810703125 0.641975309375 0.6697530859375 0.6500771609375 0.6692386828125 0.6774691359375 0.6584362140625 0.67862654375 0.641975309375 0.6759259265625001 0.6311728390625 0.673225309375 0.6275720171875 0.66705246875 0.6244855968749999 0.6574074078125001 0.6229423875 0.638117284375 0.6275720171875 0.6292438265625 0.63580246875 0.6280864203125 0.6388888890625 0.628472221875 0.65329218125 0.6300154328125 0.663580246875 0.6331018515625 0.6671810703125
2 0.356867284375 0.921296296875 0.400848765625 0.9356995890625001 0.4278549375 0.9413580250000001 0.432098765625 0.9393004109374999 0.4386574078125 0.932098765625 0.44521605 0.9197530859375 0.4471450625 0.8914609046875 0.4459876546875 0.8770576125 0.44328703750000004 0.8729423875 0.398919753125 0.8590534984374999 0.3726851859375 0.85442386875 0.3645833328125 0.8575102875 0.35262345625 0.8729423875 0.351080246875 0.891975309375 0.3518518515625 0.9074074078125 0.3533950625 0.9187242796874999 0.356867284375 0.921296296875
2 0.8746141968750001 0.9038065843749999 0.9432870375 0.9053497937499999 0.946759259375 0.8986625515625001 0.9614197531249999 0.8924897125 0.9637345671875 0.8873456796875001 0.963348765625 0.8770576125 0.9606481484374999 0.8729423875 0.9529320984374999 0.8677983546875 0.9371141968750001 0.8456790125 0.932098765625 0.8425925921875 0.86419753125 0.838477365625 0.856867284375 0.8389917703125 0.8533950625 0.8420781890625 0.8526234562499999 0.845164609375 0.8526234562499999 0.8811728390625 0.8595679015625001 0.896090534375 0.8649691359375 0.9017489718749999 0.8746141968750001 0.9038065843749999
1 0.9479166671874999 0.7752057609375 0.9475308640625 0.778806584375 0.9510030859375 0.7834362140625 0.9540895062500001 0.7937242796875 0.9533179015625001 0.808127571875 0.954475309375 0.8143004109374999 0.963348765625 0.825617284375 0.9799382718749999 0.8415637859375 0.9861111109375 0.8456790125 0.9996141968750001 0.8492798359375 0.9996141968750001 0.7427983546875 0.965277778125 0.71965020625 0.9510030859375 0.7047325109375 0.9436728390625 0.70216049375 0.9405864203125001 0.7031893 0.9378858031249999 0.7088477359375001 0.9386574078125 0.7181069953125 0.9367283953125 0.7258230453125 0.9351851859375 0.7597736625 0.9382716046875 0.7649176953125 0.9440586421875 0.7674897125 0.9479166671874999 0.7752057609375
0 0.478009259375 0.608024690625 0.48572530937499997 0.608024690625 0.4934413578125 0.615740740625 0.5023148140625 0.615740740625 0.5050154328125 0.6111111109375 0.503472221875 0.5915637859375 0.500385803125 0.58487654375 0.478009259375 0.5823045265625 0.46180555625 0.585390946875 0.4602623453125 0.5874485593750001 0.46180555625 0.5915637859375 0.4714506171875 0.5987654328125 0.478009259375 0.608024690625
2 0.54783950625 0.61419753125 0.553240740625 0.6095679015625 0.5597993828125001 0.5992798359375 0.5605709875 0.5833333328125 0.5524691359375 0.574588478125 0.5408950625 0.5725308640625 0.52237654375 0.5643004109375 0.513117284375 0.5648148140625 0.507330246875 0.5709876546875 0.5084876546875 0.5915637859375 0.5339506171874999 0.6126543203125 0.5397376546875 0.6152263375 0.54783950625 0.61419753125
0 0.5837191359375 0.6234567906249999 0.5914351859375 0.616769546875 0.5952932093750001 0.61728395 0.5968364203125 0.6152263375 0.5987654328125 0.595164609375 0.5956790125 0.5905349796875 0.5879629625 0.5879629625 0.58603395 0.57921810625 0.5887345671875 0.575617284375 0.5841049375 0.5720164609375 0.5760030859375 0.5751028812500001 0.562114196875 0.5915637859375 0.5601851859375 0.6069958843750001 0.5671296296875 0.6152263375 0.579475309375 0.6234567906249999 0.5837191359375 0.6234567906249999
2 0.6219135796875 0.5956790125 0.634259259375 0.597736625 0.6439043203125 0.594135803125 0.6462191359375 0.5956790125 0.6620370375 0.5812757203125 0.6612654328125 0.5720164609375 0.652777778125 0.5637860078125 0.6373456796875 0.565843621875 0.6257716046875 0.5643004109375 0.6134259265625001 0.5725308640625 0.61226851875 0.5761316875 0.6165123453125 0.5807613171875 0.6188271609375 0.5925925921874999 0.6219135796875 0.5956790125
0 0.546296296875 0.6697530859375 0.5505401234375 0.6666666671875 0.5655864203125 0.6666666671875 0.5798611109375 0.6692386828125 0.5817901234375 0.6656378593750001 0.579475309375 0.6599794234374999 0.5821759265625001 0.6460905343750001 0.5817901234375 0.6383744859375 0.575617284375 0.6301440328125001 0.5682870375 0.6255144031250001 0.548225309375 0.6275720171875 0.542438271875 0.6347736625 0.5362654328125 0.6491769546875 0.5366512343750001 0.6661522640624999 0.538580246875 0.6697530859375 0.544367284375 0.6738683125 0.546296296875 0.6697530859375
0 0.3927469140625 0.69032921875 0.3946759265625 0.6970164609375 0.39544753125 0.7129629625 0.3996913578125 0.7160493828125001 0.4050925921875 0.713477365625 0.407793209375 0.7093621406249999 0.4089506171875 0.7011316875 0.4128086421875 0.6949588484375 0.4197530859375 0.6949588484375 0.42168209843750004 0.6929012343750001 0.4197530859375 0.6738683125 0.407793209375 0.6702674890625 0.382330246875 0.6666666671875 0.3730709875 0.6671810703125 0.36728394999999997 0.6779835390625 0.3668981484375 0.6815843625 0.3688271609375 0.6851851859375 0.380401234375 0.6851851859375 0.3927469140625 0.69032921875
1 0.5953360625 0.588454296875 0.5994377015625 0.5984801421875 0.5972417937500001 0.618280696875 0.6041834234375 0.6199994890625 0.6104517281249999 0.6193124125 0.6138941390625 0.6238054156249999 0.6257687375 0.6221011828125 0.634734278125 0.6129560749999999 0.6335833046875 0.5992033453125 0.6200151671875 0.5906697656250001 0.621182153125 0.58299931875 0.613606153125 0.576989503125 0.590277778125 0.5764531890625 0.586438753125 0.58077311875 0.5887336046875 0.5882739234375001 0.5953360625 0.588454296875
2 0.6423577468749999 0.628602725 0.6560699359375 0.62000658125 0.6577064874999999 0.624171509375 0.67658675 0.6284264546875 0.6782168093750001 0.6421796828125 0.6904896734375 0.6388729625 0.6921519265625 0.619091121875 0.68355868125 0.60608363125 0.66619926875 0.6041385625 0.63928346875 0.5984009078125 0.639590628125 0.599343771875 0.64334373125 0.6128197 0.6423577468749999 0.628602725